%YAML:1.0
---
camera_matrix: !!opencv-matrix
   rows: 3
   cols: 3
   dt: d
   data: [ 3.4579561798605232e+02, 0., 3.2864323609195492e+02, 0.,
       3.4540131734162833e+02, 2.2465063934094576e+02, 0., 0., 1. ]
distortion_coefficients: !!opencv-matrix
   rows: 5
   cols: 1
   dt: d
   data: [ -3.4685213747388899e-01, 1.7761744044046263e-01,
       4.4400809049924928e-04, 1.8891396800696453e-03,
       -1.0055841957523247e-01 ]
rotation_vectors:
   - !!opencv-matrix
      rows: 3
      cols: 1
      dt: d
      data: [ -1.7512354137010219e-01, -4.7136901618991678e-01,
          -4.1212085313543124e-02 ]
   - !!opencv-matrix
      rows: 3
      cols: 1
      dt: d
      data: [ -4.3389835775336899e-01, -1.8099630710786213e-01,
          -1.7797111930937951e-01 ]
   - !!opencv-matrix
      rows: 3
      cols: 1
      dt: d
      data: [ -4.1221375622292590e-02, -1.9519340495234693e-02,
          -6.5345172735841617e-02 ]
   - !!opencv-matrix
      rows: 3
      cols: 1
      dt: d
      data: [ -3.1907888214820490e-01, 6.1994075653724209e-02,
          -2.9792442021549537e-01 ]
   - !!opencv-matrix
      rows: 3
      cols: 1
      dt: d
      data: [ 4.7104421894634835e-01, 3.6846000655524558e-01,
          -3.6231053723691203e-01 ]
   - !!opencv-matrix
      rows: 3
      cols: 1
      dt: d
      data: [ -1.0485076971619986e-01, -1.4348373370212086e-01,
          -1.4774830296427678e-02 ]
   - !!opencv-matrix
      rows: 3
      cols: 1
      dt: d
      data: [ 1.6707913962269971e-01, -5.2055720111316839e-01,
          -6.0281830531950409e-02 ]
   - !!opencv-matrix
      rows: 3
      cols: 1
      dt: d
      data: [ 7.2313192341773458e-01, 1.9262920072180244e-02,
          -7.3919334075540633e-02 ]
   - !!opencv-matrix
      rows: 3
      cols: 1
      dt: d
      data: [ -2.0892483587510707e-01, 9.3009857908796248e-02,
          -2.3231907487970374e-01 ]
   - !!opencv-matrix
      rows: 3
      cols: 1
      dt: d
      data: [ 1.6071018411883592e-01, -4.1678567542329001e-02,
          -1.5375706557948621e-01 ]
   - !!opencv-matrix
      rows: 3
      cols: 1
      dt: d
      data: [ 1.3010654914499853e-02, 1.1156272824928538e-01,
          -1.4583808727150485e-01 ]
   - !!opencv-matrix
      rows: 3
      cols: 1
      dt: d
      data: [ -9.1563474440703965e-02, 4.5061717114812270e-03,
          -1.2688293232252904e-01 ]
   - !!opencv-matrix
      rows: 3
      cols: 1
      dt: d
      data: [ 1.7329760921800838e-01, 1.1984058744156376e-01,
          -4.1796696919740883e-01 ]
   - !!opencv-matrix
      rows: 3
      cols: 1
      dt: d
      data: [ -1.7939833780574590e-02, 3.9116445093633279e-01,
          -2.1200873640091927e-01 ]
   - !!opencv-matrix
      rows: 3
      cols: 1
      dt: d
      data: [ 1.8721969823370817e-02, -9.2178489794658897e-02,
          8.6203794804972686e-02 ]
translation_vectors:
   - !!opencv-matrix
      rows: 3
      cols: 1
      dt: d
      data: [ -6.3105307366755056e-02, -9.3095227458369817e-02,
          2.4317781465360411e-01 ]
   - !!opencv-matrix
      rows: 3
      cols: 1
      dt: d
      data: [ -7.8547679720862768e-02, -6.5982195218434639e-02,
          2.4616526416715162e-01 ]
   - !!opencv-matrix
      rows: 3
      cols: 1
      dt: d
      data: [ -8.2007375579365854e-02, -4.3073450185524879e-02,
          2.7167938039096934e-01 ]
   - !!opencv-matrix
      rows: 3
      cols: 1
      dt: d
      data: [ -1.2805934262526397e-01, -3.3189983316109541e-02,
          2.3572196873943424e-01 ]
   - !!opencv-matrix
      rows: 3
      cols: 1
      dt: d
      data: [ -8.8173217463328957e-02, -5.2968965445180337e-02,
          3.3336317608735766e-01 ]
   - !!opencv-matrix
      rows: 3
      cols: 1
      dt: d
      data: [ -1.0276122247439987e-01, -5.6708865985232539e-02,
          2.6465176502393428e-01 ]
   - !!opencv-matrix
      rows: 3
      cols: 1
      dt: d
      data: [ -3.5105671286699690e-02, -3.8312994182509698e-02,
          1.6692962196052522e-01 ]
   - !!opencv-matrix
      rows: 3
      cols: 1
      dt: d
      data: [ -6.9885802689914511e-02, -7.3024283821062130e-02,
          1.9674655394933913e-01 ]
   - !!opencv-matrix
      rows: 3
      cols: 1
      dt: d
      data: [ -1.1703637291079788e-01, -9.2835481242355355e-02,
          2.2288751102292667e-01 ]
   - !!opencv-matrix
      rows: 3
      cols: 1
      dt: d
      data: [ -9.5475630671243983e-02, -9.0891299574202097e-02,
          2.6500069268282334e-01 ]
   - !!opencv-matrix
      rows: 3
      cols: 1
      dt: d
      data: [ -5.4345183662562468e-02, -8.5482479838348835e-02,
          3.8169599547357880e-01 ]
   - !!opencv-matrix
      rows: 3
      cols: 1
      dt: d
      data: [ -8.8654343318952861e-02, -7.7432563193021040e-02,
          2.0699752226003576e-01 ]
   - !!opencv-matrix
      rows: 3
      cols: 1
      dt: d
      data: [ -1.4634676603644400e-01, -1.6998238560962033e-03,
          2.4484455680300657e-01 ]
   - !!opencv-matrix
      rows: 3
      cols: 1
      dt: d
      data: [ -7.1249229886994725e-02, -6.3639140784262985e-02,
          3.0710795893524417e-01 ]
   - !!opencv-matrix
      rows: 3
      cols: 1
      dt: d
      data: [ -2.6734212266829541e-02, -1.0219093325645287e-01,
          2.1987461237023881e-01 ]
